46 94 66 42 46 80 75 87 94 70 86 78 62 47
43 94 87 76 93 98 98 49 42 98 84 60 92 53 78
62 79 94 96 70 98
93 71 84 85 97 96 72 98 49 63 66
82 49 60 85 57 45 46 49 71 89
42 55 89 64 82 92 63 64 52 66
76 60 46 98 91 93 73 43 74 48
67 64 65 68 56 55 53 59 51 78 51 47 85 46
76 83 49 75 100 60 96 68 90 95
97 67 99 48 67 50 66 84 96 66 86 67 99 89
73 86 95 57 57 54 87 92 46 91 73 96 51
94 51 70 74 51 60 48 96 66 53 94 75
45 44 43 58 88 91 65 73 45 46
72 100 68 50 61 52 100 95 88 46 58 47 93 93
68 59 94 61 47 70 85 61 78 47 94 58 41 87
87 55 58 82 87 88 58 98 41
77 42 86 63 90 69 53 72 86 98 98
62 48 55 80 72 73 65 90 65 87
67 46 66 56 45 84 57 65 49 57 46
55 58 69 93 74 53 74 45 74
83 74 96 96 99 61 74 42 56 86 89 82
88 66 53 99 71 52 85 83 100 85 98 90
91 82 45 97 45 57 56 41 62 98 96 59 45 74 54 93
90 59 61 97 67 56 84 52 73
64 48 44 67 76 56 94 57 97 65 77 50 88 76
77 45 46 67 100 98 76 79 87 80 80 84 66 68 76 72 90
72 70 80 52 51 61 72 72 49 91 99 77 70 53
65 51 75 98 85 78 68 84 99
82 45 85 88 70 49 52 53 87 76 80 82 66
66 80 61 81 55 68 56 100 89 45 45 90 53 89 55
99 68 91 88 59 90 52 83 45 49 87 90
60 96 48 95 86 94 59 80 69 77 69 72 96
74 93 72 99 69 65 64 92 63 64 91 89
80 76 41 91 76 88 87 63 95 83 62 85 100 52
51 68 49 48 47 88 46 60 60 47 88 66
77 86 92 50 45 66 83 82 90 57 56
59 78 42 96 74 51 48 60 62 89 76 48 78
96 95 54 55 91 88 81 65 46 63 67 50
92 52 44 82 61 82 88 98 92 82 57 70
53 42 41 57 79 46 59 98 66 93 84 86 95 95
49 56 74 53 73 48 85 48 79 89 55
87 76 48 96 59 44 46 59 73 46 46 77
56 66 49 98 83 58 64 86 55 44 98 97 91
99 48 95 99 42 90
88 75 70 70 46 61 65 43 97 53 50
73 87 49 86 49 65 77 71 75 81 51 66 50 84 55
56 90 68 43 98 100 90 57 43
75 49 59 69 51 92 84 72 87 52 54 41 77 48 55
98 71 73 95 67 62 91 92 65 70 47
77 98 51 83 69 87 77 78 97 68 62 81
53 97 75 49 66 74 72 65 47 72 67 87 56 93
94 52 57 76 81 73 50 55
54 77 100 70 65 70 43 91 65 94 44 92 83 65
81 80 88 61 49 89 86 63 51 47 45 55 91 86 69
100 85 87 42 51 76 59 83 47 54 46 96 78 57
90 69 96 41 87 91 56 69 85 94 53 48 41
86 96 91 75 61 44 80 48 77 92 41 60 82
88 95 78 63 89 85 69 81 65 49
49 85 47 41 95 93 71 67 55 84 81
48 52 41 89 96 71 84 81 83 57 74
100 89 69 53 48 67 49 50 76 86 72 79 62
50 89 98 77 51 77 59 97 93 71 68 48 67
92 44 98 41 63 84 63 86 50 83
57 86 75 64 75 87 42 51 77 53 68 89 46 48
42 94 70 80 68 56 50 95 42 74 69 51 71
54 83 57 74 45 45 52 97 70 77 54
81 69 91 94 81 80 44 59 51 53 49 58 72
67 57 93 67 83 81 91 85 93 94 100
76 50 51 52 44 56 60 42 54 41
42 66 97 81 48 64 92 42 60 98 63 68 100 50
63 62 41 95 77 83 64 89 44 64 49 96 55 47
56 56 54 45 92 42 75 82 46
63 48 94 76 94 74 95 44 98 70
72 84 95 87 83 91 46 95 95 59 96 99 82 58 89 95
47 50 45 73 41 91 64 66 88 63 98 99 88 85 56
55 54 98 90 87 56 41 54 86
64 81 72 76 46 67 69 100 47 46 89 44
88 93 66 59 80 43 41 45 48 50 53 57 88
60 74 53 99 50 100 45 76 90
42 79 69 66 48 74 42 44
53 74 86 74 91 99 72 78 52
91 87 67 54 97 79 66 82 64 69 66 76 89 76
72 58 99 84 77 58 99 76 82
69 59 63 77 56 59 66 46 46 45
79 89 78 50 70 98 100 49 84 94 81 69 95 93 79
42 67 71 54 68 58 68 69 50 94 79 70 57
78 78 65 51 80 63 78 79
46 90 47 70 61 58 96 42 91 51 79
94 76 92 46 48 55 92 71 82 89 55 79 42 68
78 50 93 55 42 73 41 75 50 79 81
82 64 81 44 92 88 89 56 89 93 81
71 88 92 42 67 96 98 84 96 48 90
71 52 47 63 59 85 91 73 91 57 41 45
70 86 68 90 75 43 66 86 74 61 55 95 51 78
55 76 69 79 75 49 69 94 87 54
97 92 48 74 67 80 87 44 58 62
83 73 64 97 78 87 49 85 44 100 65 45 49
52 51 49 83 93 48 95 62 99 86 87 99 43
58 45 86 85 49 84 42 53 53 62 55 67 78
43 96 68 55 95 60 84 100
